#############################################################
Map0:
max_iter = 1000, dq = 10, p = 0.2 , start=(10,10), goal= (90,70)

Path found in 91 iterations
Total Path Cost:  156.2176987655537
Path to follow: 
(10.0, 10.0)
(19.61, 12.78)
(28.67, 17.0)
(38.63, 16.12)
(45.53, 23.36)
(52.43, 30.6)
(60.62, 36.33)
(60.49, 46.33)
(60.36, 56.33)
(56.71, 65.65)
(56.96, 75.64)
(63.93, 82.81)
(68.0, 87.0)
(76.07, 92.91)
(85.61, 89.9)
(87.76, 80.14)
(89.92, 70.37)
(90.0, 70.0)


Smooth Path Cost:  147.11287660976743
Smooth Path: 
(10.0, 10.0)
(38.63, 16.12)
(52.43, 30.6)
(56.96, 75.64)
(76.07, 92.91)
(90.0, 70.0)

#############################################################
Map1:
max_iter = 1000 dq = 10 p = 0.2 start = (60,60) goal= (90,60)

Path found in 784 iterations
Total Path Cost:  288.6083849275888
Path to follow: 
(60.0, 60.0)
(61.06, 50.06)
(57.88, 40.57)
(48.44, 37.3)
(42.31, 29.39)
(32.41, 30.86)
(27.51, 39.57)
(27.74, 49.57)
(26.43, 59.49)
(17.95, 64.78)
(19.0, 60.0)
(13.76, 51.48)
(11.0, 53.0)
(6.0, 51.0)
(1.0, 55.0)
(4.0, 60.0)
(4.0, 70.0)
(5.19, 79.93)
(15.01, 81.84)
(23.79, 86.62)
(27.88, 95.74)
(35.0, 90.0)
(44.62, 92.75)
(54.36, 90.52)
(55.0, 92.0)
(63.94, 96.47)
(73.94, 96.85)
(83.93, 96.45)
(93.92, 96.13)
(94.0, 96.0)
(97.59, 86.67)
(95.0, 86.0)
(92.13, 76.42)
(95.99, 67.2)
(90.0, 60.0)


Smooth Path Cost:  224.81575383462115
Smooth Path: 
(60.0, 60.0)
(48.44, 37.3)
(26.43, 59.49)
(13.76, 51.48)
(4.0, 70.0)
(27.88, 95.74)
(83.93, 96.45)
(95.99, 67.2)
(90.0, 60.0)

#############################################################
Map2:
max_iter = 15000 dq = 10 p = 0.2 start = (8,31) goal= (139,38)

Path found in 10999 iterations
Total Path Cost:  721.9057416525919
Path to follow: 
(8.0, 31.0)
(17.98, 30.37)
(20.0, 26.0)
(29.98, 25.32)
(39.91, 26.48)
(40.79, 36.44)
(39.27, 46.32)
(29.71, 49.25)
(21.25, 54.58)
(22.17, 64.54)
(27.06, 73.26)
(36.81, 75.48)
(34.72, 85.25)
(26.0, 88.0)
(19.0, 90.0)
(19.0, 92.0)
(17.0, 100.0)
(19.04, 109.79)
(23.21, 118.88)
(30.8, 125.39)
(36.0, 124.0)
(38.0, 121.0)
(47.28, 124.71)
(53.0, 124.0)
(55.79, 133.6)
(54.07, 143.45)
(48.0, 144.0)
(39.68, 138.45)
(38.0, 136.0)
(34.0, 140.0)
(28.0, 136.0)
(21.3, 143.42)
(20.81, 153.41)
(21.39, 163.39)
(17.24, 172.49)
(21.34, 181.62)
(23.0, 180.0)
(32.16, 175.99)
(37.0, 176.0)
(39.43, 166.3)
(45.0, 161.0)
(54.28, 164.71)
(55.0, 173.0)
(64.86, 174.68)
(74.43, 177.56)
(84.07, 174.89)
(94.03, 175.8)
(91.0, 173.0)
(96.24, 164.48)
(92.71, 155.13)
(96.92, 146.06)
(94.37, 136.39)
(85.0, 136.0)
(80.0, 135.0)
(76.0, 129.0)
(77.0, 128.0)
(77.0, 121.0)
(71.0, 114.0)
(71.0, 109.0)
(78.0, 106.0)
(72.0, 98.0)
(72.45, 88.01)
(76.0, 81.0)
(70.0, 76.0)
(65.0, 75.0)
(58.0, 78.0)
(54.58, 68.6)
(53.0, 64.0)
(55.0, 58.0)
(58.0, 49.0)
(53.0, 50.0)
(53.0, 49.0)
(54.64, 39.14)
(59.0, 34.0)
(56.0, 34.0)
(54.0, 33.0)
(52.0, 31.0)
(52.0, 27.0)
(57.0, 26.0)
(54.0, 20.0)
(58.0, 20.0)
(67.0, 24.0)
(65.0, 19.0)
(68.0, 19.0)
(77.28, 22.71)
(87.21, 23.91)
(88.0, 23.0)
(96.0, 24.0)
(99.0, 18.0)
(105.0, 21.0)
(114.9, 22.41)
(123.3, 27.84)
(125.15, 37.67)
(135.15, 37.91)
(139.0, 38.0)


Smooth Path Cost:  626.6373078206044
Smooth Path: 
(8.0, 31.0)
(20.0, 26.0)
(29.98, 25.32)
(39.91, 26.48)
(39.27, 46.32)
(21.25, 54.58)
(22.17, 64.54)
(36.81, 75.48)
(34.72, 85.25)
(19.0, 90.0)
(23.21, 118.88)
(53.0, 124.0)
(55.79, 133.6)
(21.3, 143.42)
(21.34, 181.62)
(32.16, 175.99)
(45.0, 161.0)
(54.28, 164.71)
(55.0, 173.0)
(64.86, 174.68)
(94.03, 175.8)
(96.92, 146.06)
(80.0, 135.0)
(76.0, 81.0)
(58.0, 78.0)
(57.0, 26.0)
(114.9, 22.41)
(123.3, 27.84)
(125.15, 37.67)
(139.0, 38.0)

#############################################################
Map3:
max_iter = 1000 dq = 20 p = 0.2 start = (50,90) goal= (375,375)

Path found in 405 iterations
Total Path Cost:  629.5540592352531
Path to follow: 
(50.0, 90.0)
(49.34, 109.99)
(50.81, 129.93)
(46.91, 149.55)
(63.39, 160.88)
(59.91, 180.57)
(74.81, 193.91)
(72.72, 213.8)
(90.37, 223.21)
(97.67, 241.83)
(115.85, 250.18)
(133.86, 258.86)
(137.61, 278.5)
(156.14, 286.04)
(176.14, 285.93)
(194.04, 294.85)
(212.32, 302.95)
(227.92, 315.47)
(245.86, 324.32)
(249.15, 344.04)
(251.52, 363.9)
(258.72, 382.56)
(277.76, 376.45)
(291.48, 391.01)
(307.99, 402.29)
(307.41, 422.28)
(327.13, 425.65)
(340.93, 440.12)
(360.93, 439.72)
(373.95, 424.54)
(374.38, 404.55)
(374.8, 384.55)
(375.0, 375.0)


Smooth Path Cost:  554.7114459185377
Smooth Path: 
(50.0, 90.0)
(97.67, 241.83)
(360.93, 439.72)
(375.0, 375.0)

#############################################################
Map4:
max_iter = 2000 dq = 20 p = 0.2 start = (30,50) goal= (460,510)

Path found in 1168 iterations
Total Path Cost:  915.6790395682223
Path to follow: 
(30.0, 50.0)
(43.66, 64.61)
(62.23, 72.04)
(81.16, 65.59)
(99.71, 73.05)
(112.44, 88.48)
(126.85, 102.35)
(146.61, 105.39)
(164.74, 113.86)
(176.69, 129.89)
(196.34, 126.18)
(215.12, 133.06)
(235.01, 135.14)
(248.2, 120.11)
(266.6, 112.26)
(278.23, 128.53)
(288.63, 145.61)
(308.39, 142.49)
(319.88, 158.85)
(327.3, 177.43)
(334.03, 196.26)
(347.31, 211.21)
(342.81, 230.7)
(354.64, 246.82)
(362.07, 265.39)
(376.79, 278.93)
(379.63, 298.73)
(378.29, 318.69)
(393.39, 331.8)
(411.4, 323.09)
(423.72, 338.84)
(427.87, 358.41)
(447.62, 361.59)
(460.89, 376.55)
(460.75, 396.55)
(460.62, 416.55)
(460.49, 436.55)
(460.36, 456.55)
(440.36, 457.15)
(425.73, 443.52)
(410.0, 447.0)
(394.32, 459.41)
(399.0, 477.0)
(415.0, 486.0)
(418.23, 505.74)
(437.11, 512.34)
(457.0, 510.31)
(460.0, 510.0)


Smooth Path Cost:  717.0019071726385
Smooth Path: 
(30.0, 50.0)
(266.6, 112.26)
(376.79, 278.93)
(418.23, 505.74)
(460.0, 510.0)

#############################################################
Map5:
max_iter = 15000 dq = 30 p = 0.3 start = (450,25) goal= (250,250)

Path found in 12806 iterations
Total Path Cost:  2819.1811737396765
Path to follow: 
(450.0, 25.0)
(425.4, 42.17)
(395.41, 41.35)
(378.26, 65.96)
(350.16, 76.48)
(320.29, 73.73)
(318.0, 59.0)
(288.44, 53.88)
(258.7, 57.81)
(228.91, 61.36)
(199.13, 65.02)
(169.73, 59.09)
(157.0, 61.0)
(128.89, 50.53)
(116.33, 77.78)
(104.83, 105.48)
(99.09, 134.93)
(69.13, 136.43)
(68.06, 166.41)
(57.18, 194.38)
(64.5, 223.47)
(51.6, 250.56)
(42.06, 279.0)
(43.15, 308.98)
(43.3, 338.98)
(70.53, 351.57)
(100.47, 353.42)
(125.14, 336.35)
(110.84, 309.98)
(104.66, 280.63)
(110.74, 251.25)
(116.0, 225.0)
(101.63, 198.66)
(92.0, 190.0)
(96.0, 172.0)
(124.0, 168.0)
(153.98, 169.18)
(147.22, 139.95)
(177.06, 136.91)
(190.0, 136.0)
(200.0, 114.0)
(229.94, 112.13)
(259.5, 107.0)
(281.92, 126.93)
(296.0, 111.0)
(319.43, 129.74)
(341.0, 120.0)
(366.81, 135.29)
(387.0, 152.0)
(416.74, 155.96)
(446.73, 155.14)
(445.4, 185.12)
(445.96, 215.11)
(452.0, 205.0)
(478.0, 215.0)
(486.0, 227.0)
(487.0, 234.0)
(488.0, 245.0)
(474.28, 271.68)
(455.4, 294.99)
(455.98, 324.99)
(449.0, 320.0)
(433.45, 345.66)
(438.52, 375.22)
(428.0, 392.0)
(399.08, 384.02)
(395.28, 413.78)
(397.0, 437.0)
(375.0, 427.0)
(345.01, 426.22)
(339.0, 437.0)
(321.0, 443.0)
(294.88, 457.75)
(265.57, 464.15)
(235.62, 465.91)
(211.45, 483.68)
(186.34, 467.26)
(168.85, 442.88)
(176.0, 422.0)
(201.03, 405.47)
(222.71, 384.73)
(252.03, 391.1)
(278.0, 393.0)
(280.0, 410.0)
(309.75, 406.16)
(305.0, 383.0)
(331.0, 371.0)
(358.0, 363.0)
(378.0, 374.0)
(370.0, 367.0)
(379.0, 362.0)
(400.0, 347.0)
(407.0, 341.0)
(401.0, 327.0)
(384.92, 301.67)
(411.0, 288.0)
(422.0, 276.0)
(397.59, 258.56)
(385.49, 231.11)
(356.42, 238.51)
(343.0, 246.0)
(330.89, 273.45)
(325.18, 302.9)
(300.0, 313.0)
(278.0, 327.0)
(248.26, 330.96)
(255.0, 322.0)
(252.92, 292.07)
(250.84, 262.14)
(250.0, 250.0)


Smooth Path Cost:  2333.489516295404
Smooth Path: 
(450.0, 25.0)
(425.4, 42.17)
(318.0, 59.0)
(199.13, 65.02)
(69.13, 136.43)
(43.15, 308.98)
(100.47, 353.42)
(101.63, 198.66)
(229.94, 112.13)
(446.73, 155.14)
(478.0, 215.0)
(438.52, 375.22)
(294.88, 457.75)
(168.85, 442.88)
(400.0, 347.0)
(385.49, 231.11)
(325.18, 302.9)
(278.0, 327.0)
(248.26, 330.96)
(250.0, 250.0)

#############################################################
Map6:
max_iter = 5000 dq = 30 p = 0.2 start = (450,25) goal= (250,250)

Path found in 2824 iterations
Total Path Cost:  1334.73704475411
Path to follow: 
(450.0, 25.0)
(479.29, 31.51)
(480.74, 61.47)
(452.76, 72.32)
(439.0, 57.0)
(421.47, 81.35)
(432.0, 106.0)
(425.85, 135.36)
(425.0, 147.0)
(446.21, 168.21)
(446.51, 198.21)
(451.06, 227.86)
(457.99, 257.05)
(447.0, 266.0)
(421.16, 281.25)
(391.65, 275.86)
(383.83, 304.82)
(374.81, 333.44)
(358.36, 358.52)
(331.04, 370.91)
(306.99, 388.84)
(281.4, 404.51)
(255.39, 419.46)
(226.4, 411.72)
(231.04, 382.08)
(235.3, 352.39)
(210.22, 335.94)
(196.2, 309.41)
(167.84, 299.63)
(153.32, 273.38)
(166.27, 246.32)
(182.98, 221.41)
(170.44, 194.15)
(195.98, 178.42)
(225.3, 172.03)
(254.22, 164.07)
(278.0, 171.0)
(286.0, 167.0)
(305.0, 173.0)
(303.0, 189.0)
(311.0, 193.0)
(325.17, 219.44)
(339.0, 229.0)
(335.0, 258.0)
(349.0, 283.0)
(340.0, 303.0)
(315.26, 319.97)
(291.89, 301.15)
(272.88, 277.94)
(253.88, 254.73)
(250.0, 250.0)


Smooth Path Cost:  1150.6622622835598
Smooth Path: 
(450.0, 25.0)
(421.47, 81.35)
(457.99, 257.05)
(358.36, 358.52)
(255.39, 419.46)
(167.84, 299.63)
(195.98, 178.42)
(305.0, 173.0)
(349.0, 283.0)
(315.26, 319.97)
(250.0, 250.0)

#############################################################
Map7:
max_iter = 3000 dq = 10 p = 0.2 start = (20,20) goal= (250,250)

Path found in 1503 iterations
Total Path Cost:  850.7964582747938
Path to follow: 
(20.0, 20.0)
(30.0, 20.09)
(31.9, 29.9)
(35.47, 39.24)
(45.43, 38.34)
(55.11, 40.84)
(65.05, 41.89)
(74.79, 39.61)
(84.72, 38.4)
(94.65, 39.6)
(104.64, 39.19)
(114.63, 38.96)
(124.61, 39.59)
(134.59, 40.27)
(143.92, 36.66)
(153.89, 37.36)
(163.21, 40.99)
(172.77, 38.04)
(180.0, 34.0)
(189.99, 33.59)
(198.05, 39.5)
(207.87, 41.39)
(217.74, 39.76)
(227.74, 40.03)
(237.7, 39.17)
(246.11, 33.76)
(255.36, 37.58)
(265.24, 39.13)
(275.19, 40.05)
(284.97, 37.95)
(294.76, 35.92)
(303.67, 40.46)
(313.67, 40.6)
(323.67, 40.49)
(333.58, 41.86)
(342.02, 36.5)
(351.63, 39.29)
(361.6, 38.58)
(371.6, 38.77)
(373.94, 48.49)
(374.56, 58.47)
(376.45, 68.29)
(376.32, 78.29)
(373.1, 87.76)
(367.05, 95.72)
(364.08, 105.27)
(357.89, 113.12)
(351.7, 120.98)
(343.71, 126.99)
(333.76, 125.99)
(323.99, 123.81)
(318.94, 132.44)
(313.88, 141.07)
(313.71, 151.06)
(307.21, 158.67)
(301.91, 167.14)
(292.54, 170.66)
(282.58, 171.53)
(272.63, 172.53)
(265.24, 165.8)
(258.37, 173.07)
(248.4, 173.79)
(238.45, 172.78)
(229.11, 169.19)
(220.14, 164.77)
(211.82, 159.23)
(201.88, 158.17)
(194.27, 164.66)
(188.56, 172.87)
(179.71, 177.53)
(180.19, 187.51)
(172.1, 193.39)
(173.36, 203.31)
(167.41, 211.36)
(172.98, 219.66)
(174.2, 229.59)
(170.88, 239.02)
(173.12, 248.77)
(178.33, 257.3)
(188.27, 256.29)
(198.22, 255.28)
(208.17, 254.26)
(218.12, 253.25)
(228.0, 254.78)
(237.77, 252.66)
(247.54, 250.53)
(250.0, 250.0)


Smooth Path Cost:  723.084902259704
Smooth Path: 
(20.0, 20.0)
(371.6, 38.77)
(374.56, 58.47)
(211.82, 159.23)
(167.41, 211.36)
(250.0, 250.0)