#############################################################
Map0:
max_iter = 1000, dq = 5, p = 0.2, max_search_radius = 30, start=(10,10), goal= (90,70)

First path found after 237 iterations
First Path Cost:  133.82235502367473
Path to follow: 
(10.0, 10.0)
(13.0, 19.0)
(22.41, 45.66)
(41.0, 68.0)
(51.37, 77.68)
(76.14, 90.64)
(90.0, 70.0)


Final Path Cost:  129.752449312443
Path to follow: 
(10.0, 10.0)
(30.1, 13.69)
(53.0, 18.46)
(75.0, 23.0)
(91.0, 26.0)
(97.0, 34.0)
(98.0, 42.0)
(90.0, 70.0)
(90.0, 70.0)
#############################################################
Map1:
max_iter = 2000, dq = 10, p = 0.2, max_search_radius = 20, start=(60,60), goal= (90,60)

First path found after 721 iterations
First Path Cost:  193.9141539664273
Path to follow: 
(60.0, 60.0)
(49.0, 44.0)
(47.0, 41.0)
(40.0, 43.0)
(25.0, 56.0)
(15.0, 61.0)
(6.0, 68.0)
(14.0, 84.0)
(29.0, 89.0)
(43.0, 91.0)
(59.0, 89.0)
(68.0, 88.0)
(85.0, 82.0)
(94.0, 74.0)
(97.0, 65.0)
(90.0, 60.0)


Final Path Cost:  175.83200291182766
Path to follow: 
(60.0, 60.0)
(49.0, 44.0)
(44.0, 41.0)
(32.0, 50.0)
(28.0, 53.0)
(13.0, 63.0)
(7.0, 67.0)
(7.0, 71.0)
(17.0, 76.0)
(29.0, 85.0)
(39.0, 90.0)
(47.0, 90.0)
(63.0, 85.0)
(76.0, 81.0)
(86.0, 81.0)
(96.0, 69.0)
(90.0, 60.0)

#############################################################
Map2:
max_iter = 20000, dq = 10, p = 0.2, max_search_radius = 20, start=(8,31), goal= (139,38)

First path found after 16488 iterations
First Path Cost:  555.9759584803489
Path to follow: 
(8.0, 31.0)
(22.0, 26.0)
(33.0, 25.0)
(33.0, 40.0)
(33.0, 47.0)
(24.0, 55.0)
(22.0, 59.0)
(23.0, 65.0)
(33.0, 75.0)
(33.0, 81.0)
(33.0, 86.0)
(23.0, 93.0)
(21.0, 100.0)
(22.0, 116.0)
(25.0, 117.0)
(28.0, 118.0)
(47.0, 124.0)
(52.0, 126.0)
(52.0, 135.0)
(34.0, 141.0)
(22.0, 145.0)
(20.0, 160.0)
(23.0, 174.0)
(34.0, 174.0)
(42.0, 164.0)
(52.0, 165.0)
(61.0, 174.0)
(80.0, 174.0)
(90.0, 174.0)
(90.0, 171.0)
(90.0, 166.0)
(91.0, 147.0)
(88.0, 141.0)
(81.0, 137.0)
(79.0, 133.0)
(79.0, 129.0)
(78.0, 117.0)
(77.0, 106.0)
(72.0, 87.0)
(64.0, 79.0)
(61.0, 76.0)
(58.0, 62.0)
(58.0, 43.0)
(59.0, 27.0)
(71.0, 22.0)
(78.0, 20.0)
(93.0, 19.0)
(109.0, 20.0)
(120.46, 26.63)
(123.0, 35.0)
(132.83, 36.84)
(139.0, 38.0)

Final Path Cost:  546.3571114340813
Path to follow: 
(8.0, 31.0)
(22.0, 26.0)
(33.0, 25.0)
(33.0, 40.0)
(33.0, 47.0)
(24.0, 55.0)
(22.0, 59.0)
(23.0, 65.0)
(33.0, 75.0)
(33.0, 81.0)
(33.0, 86.0)
(23.0, 93.0)
(22.0, 103.0)
(22.0, 116.0)
(34.0, 121.0)
(52.0, 126.0)
(52.0, 127.0)
(52.0, 135.0)
(47.0, 138.0)
(30.0, 142.0)
(30.0, 142.0)
(24.0, 144.0)
(22.0, 146.0)
(22.0, 160.0)
(23.0, 174.0)
(31.0, 174.0)
(34.0, 174.0)
(41.0, 166.0)
(43.0, 164.0)
(52.0, 165.0)
(61.0, 174.0)
(80.0, 175.0)
(90.0, 174.0)
(90.0, 158.0)
(91.0, 146.0)
(85.0, 140.0)
(79.0, 134.0)
(79.0, 123.0)
(76.0, 109.0)
(72.0, 91.0)
(71.0, 85.0)
(63.0, 76.0)
(61.0, 75.0)
(59.0, 56.0)
(60.0, 47.0)
(58.0, 32.0)
(62.0, 25.0)
(70.0, 25.0)
(87.0, 24.0)
(104.0, 24.0)
(121.0, 26.0)
(125.0, 35.0)
(134.0, 38.0)
(139.0, 38.0)

#############################################################
Map3:
max_iter = 5000, dq = 5, p = 0.2, max_search_radius = 20, start=(50,90), goal= (375,375)

First path found after 464 iterations
First Path Cost:  532.9377551828592
Path to follow: 
(50.0, 90.0)
(53.76, 93.3)
(65.91, 106.06)
(76.36, 119.3)
(90.88, 133.02)
(101.8, 148.51)
(110.27, 162.21)
(112.18, 166.83)
(114.93, 185.18)
(117.83, 201.19)
(122.5, 218.79)
(129.23, 232.51)
(132.49, 248.14)
(134.94, 254.95)
(146.16, 265.86)
(160.49, 276.86)
(172.4, 284.82)
(179.16, 291.35)
(188.76, 301.39)
(198.5, 310.69)
(215.65, 319.63)
(234.63, 324.88)
(244.1, 328.09)
(252.15, 345.87)
(256.41, 361.71)
(260.36, 372.53)
(275.05, 385.3)
(288.47, 389.93)
(295.6, 393.57)
(308.06, 399.38)
(321.89, 407.9)
(328.43, 412.67)
(343.27, 424.0)
(359.67, 416.28)
(364.89, 402.22)
(366.63, 397.53)
(373.88, 379.64)
(375.0, 375.0)


Final Path Cost:  518.8481066121777
Path to follow: 
(50.0, 90.0)
(53.76, 93.3)
(65.91, 106.06)
(76.36, 119.3)
(90.88, 133.02)
(100.0, 146.0)
(105.0, 155.0)
(112.18, 166.83)
(115.0, 182.0)
(117.83, 201.19)
(122.5, 218.79)
(129.23, 232.51)
(141.24, 243.56)
(151.0, 257.0)
(162.0, 271.0)
(172.4, 284.82)
(187.0, 295.0)
(202.65, 301.31)
(220.84, 307.11)
(232.7, 315.6)
(240.0, 321.0)
(244.1, 328.09)
(252.15, 345.87)
(253.34, 354.7)
(261.82, 367.75)
(274.34, 380.35)
(284.37, 387.07)
(295.0, 393.0)
(308.06, 399.38)
(326.67, 406.42)
(343.91, 415.93)
(354.67, 416.03)
(363.15, 406.91)
(368.0, 395.0)
(373.88, 379.64)
(375.0, 375.0)

#############################################################
Map4:
max_iter = 3000, dq = 20, p = 0.2, max_search_radius = 30, start=(30,50), goal= (460,510)

First path found after 1051 iterations
First Path Cost:  907.4567332027912
Path to follow: 
(30.0, 50.0)
(46.21, 61.71)
(71.0, 59.0)
(98.0, 64.31)
(117.98, 65.23)
(137.98, 65.34)
(156.14, 73.72)
(168.29, 89.61)
(191.0, 102.0)
(201.0, 107.0)
(228.85, 102.38)
(248.28, 97.67)
(268.28, 97.47)
(295.0, 95.0)
(314.22, 110.65)
(329.0, 114.0)
(336.38, 142.31)
(342.76, 161.27)
(355.12, 176.98)
(361.0, 194.0)
(366.0, 210.0)
(369.0, 239.0)
(368.73, 267.91)
(367.0, 281.0)
(371.66, 306.19)
(383.91, 322.0)
(391.41, 340.54)
(398.66, 359.18)
(406.2, 377.71)
(400.55, 396.89)
(393.0, 405.0)
(389.0, 428.0)
(386.17, 446.41)
(367.71, 454.12)
(352.43, 476.56)
(345.47, 495.31)
(361.85, 506.79)
(373.52, 530.39)
(386.18, 545.87)
(405.6, 550.66)
(420.47, 537.28)
(440.34, 539.58)
(451.41, 522.92)
(460.0, 510.0)


Final Path Cost:  728.5714180701493
Path to follow: 
(30.0, 50.0)
(46.21, 61.71)
(67.0, 61.0)
(85.0, 68.0)
(110.0, 75.0)
(137.98, 65.34)
(156.14, 73.72)
(168.29, 89.61)
(188.0, 98.0)
(208.85, 102.59)
(225.0, 106.0)
(247.0, 108.0)
(262.0, 108.0)
(282.0, 126.0)
(290.0, 142.0)
(306.7, 164.24)
(307.0, 178.0)
(328.43, 197.57)
(344.0, 206.0)
(350.0, 212.0)
(366.0, 234.0)
(369.0, 245.0)
(385.0, 270.0)
(394.57, 293.48)
(407.0, 317.0)
(411.0, 345.0)
(415.0, 351.0)
(399.0, 376.0)
(400.55, 396.89)
(405.0, 423.0)
(413.0, 445.0)
(410.0, 472.0)
(412.0, 492.0)
(423.02, 509.0)
(434.0, 507.0)
(460.0, 510.0)

#############################################################
Map5:
max_iter = 20000, dq = 30, p = 0.3, max_search_radius = 50, start=(450,25), goal= (250,250)

First path found after 11633 iterations
First Path Cost:  2088.242762006203
Path to follow: 
(450.0, 25.0)
(424.0, 34.0)
(380.0, 50.0)
(339.0, 55.0)
(294.0, 59.0)
(275.0, 61.0)
(235.0, 63.0)
(207.0, 68.0)
(173.0, 78.0)
(135.0, 101.0)
(101.0, 137.0)
(94.0, 144.0)
(72.0, 188.0)
(62.0, 232.0)
(61.06, 278.95)
(68.0, 317.0)
(79.0, 334.0)
(91.0, 320.0)
(100.0, 301.0)
(112.0, 261.0)
(119.0, 240.0)
(127.0, 216.0)
(141.0, 186.0)
(161.0, 161.0)
(181.0, 144.0)
(187.0, 139.0)
(215.0, 129.0)
(233.0, 125.0)
(249.0, 122.0)
(283.0, 123.0)
(322.0, 129.0)
(358.0, 138.0)
(375.0, 141.0)
(411.0, 152.0)
(431.0, 161.0)
(437.0, 190.0)
(443.0, 203.0)
(450.0, 250.0)
(449.39, 275.69)
(439.0, 318.0)
(421.0, 357.0)
(410.0, 376.0)
(383.0, 405.0)
(358.0, 419.0)
(323.0, 440.0)
(294.0, 449.0)
(256.0, 450.0)
(210.0, 448.0)
(212.0, 437.0)
(239.0, 418.0)
(263.0, 401.0)
(295.0, 388.0)
(336.0, 364.0)
(364.0, 336.0)
(387.0, 294.0)
(404.0, 267.0)
(377.0, 236.0)
(349.0, 272.0)
(319.0, 310.0)
(277.07, 323.95)
(248.99, 334.5)
(239.24, 306.13)
(244.89, 276.66)
(250.0, 250.0)


Final Path Cost:  1992.1087580129247
Path to follow: 
(450.0, 25.0)
(424.0, 34.0)
(380.0, 50.0)
(345.0, 53.0)
(325.0, 55.0)
(280.0, 59.0)
(235.0, 63.0)
(207.0, 68.0)
(170.0, 80.0)
(135.0, 102.0)
(101.0, 137.0)
(86.0, 158.0)
(72.0, 192.0)
(70.0, 198.0)
(63.98, 219.14)
(62.0, 235.0)
(61.0, 254.0)
(61.0, 289.0)
(73.0, 326.0)
(78.0, 331.0)
(89.0, 326.0)
(91.0, 320.0)
(105.0, 278.0)
(111.0, 260.0)
(125.0, 223.0)
(138.0, 191.0)
(160.0, 160.0)
(184.0, 143.0)
(208.0, 130.0)
(230.0, 125.0)
(266.0, 122.0)
(294.0, 123.0)
(332.0, 132.0)
(371.0, 140.0)
(417.0, 150.0)
(429.0, 172.0)
(434.0, 182.0)
(438.0, 196.0)
(448.0, 219.0)
(448.0, 258.0)
(446.0, 294.0)
(445.0, 314.0)
(421.0, 357.0)
(392.0, 396.0)
(370.0, 422.0)
(331.0, 435.0)
(297.0, 447.0)
(277.0, 449.0)
(254.0, 448.0)
(221.0, 448.0)
(212.0, 444.0)
(238.0, 415.0)
(276.0, 395.0)
(321.0, 374.0)
(344.0, 353.0)
(365.0, 332.0)
(369.0, 326.0)
(394.0, 288.0)
(386.0, 243.0)
(377.0, 248.0)
(345.0, 276.0)
(316.0, 303.0)
(294.0, 317.0)
(273.0, 327.0)
(259.0, 283.0)
(250.0, 250.0)

#############################################################
Map6:
max_iter = 15000, dq = 10, p = 0.2, max_search_radius = 5, start=(450,25), goal= (250,250)

First path found after 3598 iterations
First Path Cost:  1291.4080933011605
Path to follow: 
(450.0, 25.0)
(440.65, 28.56)
(434.13, 36.14)
(424.39, 38.4)
(425.37, 48.35)
(422.33, 57.88)
(422.21, 67.87)
(420.1, 77.65)
(413.08, 84.77)
(414.32, 94.69)
(407.05, 101.56)
(407.4, 111.55)
(415.62, 117.25)
(422.35, 124.64)
(429.74, 131.38)
(432.97, 140.84)
(428.44, 149.76)
(430.7, 159.5)
(432.71, 169.3)
(437.45, 178.1)
(443.31, 186.21)
(444.79, 196.1)
(447.22, 205.8)
(449.99, 215.41)
(452.92, 224.97)
(454.15, 234.89)
(454.83, 244.87)
(454.84, 254.87)
(449.35, 263.23)
(440.84, 268.48)
(438.49, 278.2)
(428.72, 280.31)
(418.74, 280.97)
(410.85, 287.11)
(401.11, 284.86)
(393.88, 291.77)
(387.21, 299.22)
(391.7, 308.16)
(385.38, 315.91)
(391.16, 324.08)
(389.23, 333.89)
(384.4, 342.64)
(375.46, 347.13)
(366.77, 352.08)
(358.08, 357.02)
(348.9, 360.97)
(339.76, 365.04)
(343.35, 374.37)
(339.16, 383.45)
(329.17, 383.04)
(319.59, 380.18)
(312.26, 386.98)
(302.6, 384.38)
(293.02, 387.23)
(291.83, 397.16)
(282.0, 399.02)
(272.94, 403.24)
(264.06, 407.85)
(256.22, 401.65)
(247.43, 406.41)
(237.44, 406.07)
(227.56, 407.65)
(223.74, 398.41)
(219.4, 389.4)
(211.01, 383.96)
(213.8, 374.36)
(213.0, 364.39)
(216.08, 354.88)
(219.15, 345.36)
(222.23, 335.85)
(212.34, 334.38)
(204.55, 328.11)
(200.11, 319.15)
(193.49, 311.65)
(194.16, 301.67)
(188.71, 293.29)
(182.77, 285.24)
(178.79, 276.07)
(175.73, 266.55)
(171.33, 257.57)
(177.7, 249.87)
(174.18, 240.51)
(167.52, 233.05)
(159.52, 227.04)
(159.77, 217.04)
(167.95, 211.3)
(176.7, 206.46)
(174.56, 196.69)
(176.39, 186.86)
(186.37, 186.16)
(195.71, 189.73)
(205.11, 193.15)
(214.53, 189.79)
(223.54, 185.45)
(224.25, 175.47)
(234.23, 176.04)
(244.15, 174.75)
(247.0, 167.0)
(256.88, 165.48)
(266.48, 162.68)
(273.26, 170.03)
(283.0, 170.0)
(288.0, 170.0)
(293.14, 178.57)
(299.0, 173.0)
(307.94, 177.47)
(312.0, 184.0)
(315.03, 193.53)
(322.78, 199.85)
(317.3, 208.22)
(323.43, 216.12)
(332.98, 219.09)
(340.81, 225.31)
(348.95, 231.12)
(354.54, 239.41)
(359.11, 248.31)
(354.42, 257.14)
(353.0, 257.0)
(344.09, 261.54)
(346.06, 271.35)
(339.21, 278.63)
(336.83, 288.34)
(327.98, 293.0)
(318.18, 291.04)
(308.31, 289.39)
(298.53, 287.33)
(290.6, 281.23)
(282.68, 275.13)
(274.75, 269.04)
(266.82, 262.94)
(258.9, 256.84)
(250.97, 250.75)
(250.0, 250.0)

Final Path Cost:  1264.445724177386
Path to follow: 
(450.0, 25.0)
(440.65, 28.56)
(434.13, 36.14)
(424.39, 38.4)
(425.37, 48.35)
(422.33, 57.88)
(422.21, 67.87)
(420.1, 77.65)
(413.08, 84.77)
(414.32, 94.69)
(416.0, 97.0)
(418.0, 101.0)
(417.0, 104.0)
(417.0, 108.0)
(416.0, 111.0)
(416.0, 113.0)
(415.62, 117.25)
(422.35, 124.64)
(429.74, 131.38)
(429.0, 135.0)
(428.0, 139.0)
(427.0, 143.0)
(427.0, 146.0)
(428.0, 149.0)
(428.44, 149.76)
(430.7, 159.5)
(432.71, 169.3)
(437.45, 178.1)
(443.31, 186.21)
(444.79, 196.1)
(447.22, 205.8)
(449.99, 215.41)
(452.92, 224.97)
(454.15, 234.89)
(454.83, 244.87)
(454.84, 254.87)
(449.35, 263.23)
(440.84, 268.48)
(436.0, 271.0)
(434.0, 275.0)
(432.0, 279.0)
(428.72, 280.31)
(418.74, 280.97)
(410.85, 287.11)
(401.11, 284.86)
(393.88, 291.77)
(387.21, 299.22)
(391.7, 308.16)
(390.0, 311.0)
(389.0, 313.0)
(389.0, 316.0)
(388.0, 320.0)
(387.0, 323.0)
(388.0, 326.0)
(388.0, 330.0)
(388.0, 333.0)
(389.23, 333.89)
(384.4, 342.64)
(375.46, 347.13)
(366.77, 352.08)
(358.08, 357.02)
(348.9, 360.97)
(339.76, 365.04)
(343.35, 374.37)
(339.16, 383.45)
(329.17, 383.04)
(319.59, 380.18)
(312.26, 386.98)
(302.6, 384.38)
(293.02, 387.23)
(289.0, 389.0)
(286.0, 390.0)
(284.0, 394.0)
(281.0, 396.0)
(282.0, 399.02)
(272.94, 403.24)
(271.0, 405.0)
(267.0, 403.0)
(263.0, 404.0)
(261.0, 402.0)
(256.22, 401.65)
(247.43, 406.41)
(237.44, 406.07)
(227.56, 407.65)
(223.74, 398.41)
(219.4, 389.4)
(211.01, 383.96)
(213.8, 374.36)
(213.0, 364.39)
(216.08, 354.88)
(217.0, 352.0)
(214.0, 350.0)
(211.0, 347.0)
(211.0, 343.0)
(211.0, 339.0)
(210.0, 335.0)
(212.34, 334.38)
(204.55, 328.11)
(200.11, 319.15)
(193.49, 311.65)
(194.16, 301.67)
(188.71, 293.29)
(182.77, 285.24)
(178.79, 276.07)
(175.73, 266.55)
(171.33, 257.57)
(177.7, 249.87)
(174.18, 240.51)
(167.52, 233.05)
(159.52, 227.04)
(159.77, 217.04)
(167.95, 211.3)
(166.0, 210.0)
(167.0, 206.0)
(169.0, 203.0)
(171.0, 199.0)
(174.56, 196.69)
(177.0, 195.0)
(180.0, 196.0)
(184.0, 194.0)
(187.0, 192.0)
(191.0, 190.0)
(195.71, 189.73)
(205.11, 193.15)
(214.53, 189.79)
(223.54, 185.45)
(224.25, 175.47)
(234.23, 176.04)
(244.15, 174.75)
(247.0, 167.0)
(256.88, 165.48)
(266.48, 162.68)
(273.26, 170.03)
(283.0, 170.0)
(288.0, 170.0)
(293.14, 178.57)
(299.0, 173.0)
(307.94, 177.47)
(312.0, 184.0)
(315.03, 193.53)
(322.78, 199.85)
(322.0, 204.0)
(325.0, 206.0)
(324.0, 209.0)
(326.0, 212.0)
(323.43, 216.12)
(332.98, 219.09)
(340.81, 225.31)
(348.95, 231.12)
(354.54, 239.41)
(359.11, 248.31)
(354.42, 257.14)
(353.0, 257.0)
(344.09, 261.54)
(346.06, 271.35)
(339.21, 278.63)
(336.83, 288.34)
(327.98, 293.0)
(318.18, 291.04)
(308.31, 289.39)
(298.53, 287.33)
(290.6, 281.23)
(282.68, 275.13)
(274.75, 269.04)
(266.82, 262.94)
(258.9, 256.84)
(250.97, 250.75)
(250.0, 250.0)

#############################################################
Map7:
max_iter = 3000, dq = 10, p = 0.2, max_search_radius = 5, start=(20,20), goal= (250,250)

First path found after 1235 iterations
First Path Cost:  809.0021855445407
Path to follow: 
(20.0, 20.0)
(27.07, 27.07)
(36.48, 30.45)
(46.44, 31.35)
(55.14, 36.29)
(64.36, 40.16)
(70.51, 32.27)
(78.31, 38.53)
(88.25, 37.44)
(97.52, 41.2)
(107.44, 39.89)
(117.38, 40.92)
(127.34, 41.84)
(137.25, 40.48)
(147.21, 41.32)
(157.15, 40.21)
(167.03, 38.67)
(177.03, 38.51)
(186.88, 36.77)
(185.12, 26.92)
(194.88, 24.74)
(204.15, 28.5)
(208.65, 37.42)
(217.65, 41.79)
(227.52, 40.21)
(237.51, 39.83)
(247.49, 40.5)
(257.49, 40.44)
(266.42, 35.93)
(274.75, 41.47)
(281.67, 34.25)
(288.14, 26.62)
(297.95, 24.67)
(307.83, 23.14)
(315.29, 29.79)
(324.68, 33.25)
(334.2, 30.21)
(344.19, 30.74)
(350.62, 38.4)
(360.62, 38.19)
(370.59, 38.94)
(378.65, 44.86)
(378.67, 54.86)
(379.19, 64.85)
(379.22, 74.85)
(377.6, 84.71)
(371.49, 92.63)
(365.38, 100.55)
(359.27, 108.46)
(358.34, 118.42)
(351.98, 126.14)
(342.08, 124.75)
(336.16, 132.81)
(327.91, 127.15)
(317.97, 128.25)
(307.98, 127.91)
(298.54, 131.23)
(290.47, 137.14)
(280.65, 135.27)
(271.04, 132.5)
(261.19, 134.23)
(251.25, 135.34)
(241.8, 138.59)
(232.2, 141.41)
(228.34, 150.63)
(219.0, 147.05)
(209.84, 151.06)
(209.99, 161.06)
(206.91, 170.57)
(197.08, 172.39)
(193.66, 181.78)
(190.5, 191.27)
(192.77, 201.01)
(194.66, 210.83)
(197.21, 220.5)
(202.8, 228.79)
(211.92, 232.89)
(221.04, 236.99)
(221.15, 246.99)
(231.1, 248.03)
(241.05, 249.07)
(250.0, 250.0)


Final Path Cost:  809.0021855445407
Path to follow: 
(20.0, 20.0)
(27.07, 27.07)
(36.48, 30.45)
(46.44, 31.35)
(55.14, 36.29)
(64.36, 40.16)
(70.51, 32.27)
(78.31, 38.53)
(88.25, 37.44)
(97.52, 41.2)
(107.44, 39.89)
(117.38, 40.92)
(127.34, 41.84)
(137.25, 40.48)
(147.21, 41.32)
(157.15, 40.21)
(167.03, 38.67)
(177.03, 38.51)
(186.88, 36.77)
(185.12, 26.92)
(194.88, 24.74)
(204.15, 28.5)
(208.65, 37.42)
(217.65, 41.79)
(227.52, 40.21)
(237.51, 39.83)
(247.49, 40.5)
(257.49, 40.44)
(266.42, 35.93)
(274.75, 41.47)
(281.67, 34.25)
(288.14, 26.62)
(297.95, 24.67)
(307.83, 23.14)
(315.29, 29.79)
(324.68, 33.25)
(334.2, 30.21)
(344.19, 30.74)
(350.62, 38.4)
(360.62, 38.19)
(370.59, 38.94)
(378.65, 44.86)
(378.67, 54.86)
(379.19, 64.85)
(379.22, 74.85)
(377.6, 84.71)
(371.49, 92.63)
(365.38, 100.55)
(359.27, 108.46)
(358.34, 118.42)
(351.98, 126.14)
(342.08, 124.75)
(336.16, 132.81)
(327.91, 127.15)
(317.97, 128.25)
(307.98, 127.91)
(298.54, 131.23)
(290.47, 137.14)
(280.65, 135.27)
(271.04, 132.5)
(261.19, 134.23)
(251.25, 135.34)
(241.8, 138.59)
(232.2, 141.41)
(228.34, 150.63)
(219.0, 147.05)
(209.84, 151.06)
(209.99, 161.06)
(206.91, 170.57)
(197.08, 172.39)
(193.66, 181.78)
(190.5, 191.27)
(192.77, 201.01)
(194.66, 210.83)
(197.21, 220.5)
(202.8, 228.79)
(211.92, 232.89)
(221.04, 236.99)
(221.15, 246.99)
(231.1, 248.03)
(241.05, 249.07)
(250.0, 250.0)

#############################################################